57 130 27 49 37.912510
52 62 225 149 36.551594
52 69 149 110 34.864826
41 67 237 195 33.987568
41 68 195 132 32.854156
213 66 63 81 32.501427
0 60 275 129 32.426212
52 66 191 81 32.416962
0 66 285 137 31.808455
51 65 224 95 31.103487
51 66 150 78 30.922068
188 72 88 74 30.443577
0 4 275 196 30.368431
0 60 277 235 29.925140
188 66 87 114 29.830782
0 66 277 258 29.819750
55 117 230 145 29.781052
0 0 278 201 29.778498
0 60 278 235 29.651821
0 60 278 231 29.645126
0 67 245 77 28.953239
55 121 171 169 28.892765
0 65 278 248 28.796207
38 117 196 94 28.708139
52 117 224 105 28.691833
38 116 238 179 28.654634
39 120 112 94 28.324841
0 0 258 201 28.274536
182 87 95 203 28.197626
41 115 138 95 28.154272
130 66 148 81 28.019873
0 4 285 163 27.960560
52 128 60 51 27.839149
0 65 209 130 27.720505
132 66 145 118 27.562485
52 21 225 142 27.394217
188 71 89 172 27.359795
39 130 25 60 27.331713
131 60 146 230 27.224516
41 68 195 230 27.172337
0 32 275 123 27.094030
187 55 89 99 26.809507
52 60 396 206 26.534492
0 65 245 95 26.482765
0 114 67 81 26.357759
50 0 233 178 26.330908
0 0 285 147 26.240795
53 119 142 67 26.201406
0 115 286 178 26.187109
0 113 67 81 26.168741
95 101 182 161 25.982121
187 125 90 177 25.941475
186 114 91 139 25.770063
200 66 88 79 25.768890
41 18 195 177 25.695372
51 41 192 110 25.618130
0 19 208 181 25.576233
39 128 108 72 25.464546
41 120 156 157 25.445610
39 111 161 89 25.301155
0 90 63 99 25.224560
51 80 224 107 25.189806
0 93 63 105 24.961508
93 84 186 217 24.899378
0 90 67 99 24.889734
207 63 70 116 24.711805
94 66 185 164 24.593803
38 129 185 135 24.548132
186 80 90 83 24.509842
91 133 129 165 24.498407
182 150 94 131 24.447016
117 126 108 57 24.439295
131 116 146 179 24.352060
186 155 99 87 24.129208
174 153 112 109 24.110485
30 129 36 61 24.064894
0 23 209 123 24.033560
65 135 87 67 23.840487
54 127 141 73 23.838959
0 120 208 173 23.800728
188 72 144 82 23.706732
40 67 139 135 23.560452
187 45 91 227 23.534269
67 133 161 81 23.492975
0 120 195 80 23.474243
142 147 134 115 23.427284
150 63 128 103 23.399931
188 75 48 61 23.352850
51 66 148 159 23.325203
0 34 245 101 23.285646
52 19 157 131 23.257053
0 117 208 177 23.219908
56 128 51 84 23.210932
116 129 80 53 23.160381
164 75 112 136 23.107296
177 84 105 63 22.821814
188 75 146 167 22.716133
95 136 51 64 22.671587
213 61 121 92 22.626719
51 84 151 115 22.586071
176 152 109 147 22.573261
116 128 141 55 22.564816
51 22 194 113 22.504501
21 120 45 69 22.495493
0 115 209 96 22.426062
63 135 81 81 22.377001
112 128 107 153 22.340525
40 126 193 69 22.296974
95 122 183 92 22.294085
28 120 35 74 22.248709
184 117 149 126 22.238619
65 126 168 57 22.220299
63 133 132 130 22.202669
78 66 203 81 22.189156
0 100 103 111 22.177523
65 67 196 114 22.158293
67 129 112 67 22.072809
93 125 140 68 22.049389
179 117 159 173 21.977812
132 132 64 34 21.962351
129 116 202 146 21.951210
188 74 111 221 21.801657
132 87 144 87 21.789059
115 129 87 37 21.759871
0 101 67 78 21.729633
115 132 112 35 21.714645
52 63 99 143 21.702921
95 131 84 71 21.699512
64 135 84 43 21.659260
131 124 78 60 21.644974
220 59 55 105 21.642294
54 127 205 75 21.617832
129 66 204 224 21.576485
132 114 145 121 21.559841
0 99 103 115 21.448574
54 123 48 63 21.441196
96 108 136 127 21.400150
52 35 136 100 21.394281
130 66 129 149 21.370605
99 128 135 87 21.343124
51 13 148 187 21.337893
91 129 107 55 21.317013
226 66 61 81 21.271723
186 94 90 85 21.241730
51 127 79 83 21.213270
186 72 71 108 21.167477
130 132 49 33 21.143726
180 75 81 61 21.104856
63 131 133 177 21.101072
52 97 181 89 21.090357
0 114 101 79 21.076160
63 127 132 51 21.041206
63 132 116 109 21.039272
150 45 127 103 20.996609
132 128 96 49 20.948305
39 90 133 121 20.935658
63 135 111 76 20.933645
37 120 145 188 20.876667
120 119 105 92 20.785856
188 108 43 31 20.764894
199 150 77 93 20.722750
0 93 103 103 20.709074
188 75 51 99 20.690798
57 133 221 102 20.680140
0 35 209 141 20.678001
54 123 278 91 20.655867
188 55 121 207 20.640608
132 61 200 93 20.593311
188 81 44 73 20.583204
213 66 61 50 20.532438
186 117 89 61 20.462479
98 147 179 127 20.461008
225 80 108 73 20.460562
116 116 161 67 20.437428
0 100 153 110 20.366934
0 81 209 116 20.349436
187 75 67 84 20.349424
117 117 215 110 20.316750
207 74 69 157 20.310099
179 60 153 235 20.299297
0 100 63 117 20.278391
188 125 144 91 20.263006
0 120 72 59 20.260351
132 99 68 45 20.209137
113 99 119 173 20.155682
51 55 145 211 20.123459
64 148 226 133 20.119871
76 100 144 172 20.088806
62 135 40 77 20.074802
179 75 131 75 20.070349
152 66 107 73 20.059210
94 86 139 208 20.054760
127 35 149 121 20.011545
0 85 103 111 19.986753
166 114 110 97 19.945755
0 99 54 25 19.922764
187 22 89 139 19.900629
0 90 105 110 19.841084
2 8 95 116 19.765169
185 153 95 70 19.693455
114 125 220 177 19.692642
204 66 85 176 19.663925
0 114 73 102 19.617908
95 39 181 162 19.616547
38 128 31 66 19.579063
212 72 47 60 19.539915
56 120 29 66 19.412056
54 97 141 85 19.390165
0 128 74 71 19.317741
186 90 45 45 19.286249
200 117 86 127 19.231768
200 124 76 47 19.217533
0 120 129 77 19.204273
186 117 90 83 19.196791
196 139 90 146 19.164749
0 123 103 67 19.152971
51 68 117 73 19.118589
0 8 202 258 19.115881
52 63 99 70 19.111349
64 114 89 87 19.091887
201 66 58 50 19.087341
196 158 92 100 19.059856
187 86 144 97 19.056038
152 61 181 118 19.023075
0 114 103 100 19.016983
93 75 144 139 19.006590
0 0 97 124 18.967630
116 123 85 68 18.904318
131 125 88 91 18.901800
206 154 71 77 18.899076
180 108 54 27 18.886488
200 86 88 96 18.881187
81 135 66 66 18.873241
215 135 43 43 18.865383
68 155 149 142 18.861965
110 19 167 145 18.827017
186 153 72 66 18.788311
189 125 109 189 18.768921
0 4 103 187 18.752438
138 147 69 75 18.662655
198 66 133 112 18.650427
188 100 43 35 18.648880
144 117 89 105 18.641891
0 8 153 189 18.635166
90 136 55 44 18.630987
180 94 64 41 18.583586
64 135 89 105 18.572285
191 125 141 53 18.561779
96 135 76 47 18.550591
150 23 127 143 18.547195
54 120 97 178 18.538256
131 111 101 179 18.536669
174 155 117 75 18.522444
28 32 141 168 18.495380
186 71 75 140 18.455982
130 123 149 69 18.412304
41 19 110 181 18.409000
186 81 100 121 18.394598
0 0 146 201 18.388151
132 134 94 37 18.372135
49 98 60 81 18.369162
185 39 153 214 18.339415
200 125 77 77 18.331776
93 4 182 164 18.328373
102 66 142 118 18.290375
51 71 58 108 18.286921
0 120 105 92 18.286032
188 74 76 47 18.278421
102 62 229 149 18.271618
0 127 129 85 18.266554
56 128 38 82 18.248945
213 21 63 135 18.227064
207 120 69 111 18.176414
132 114 124 157 18.168289
114 162 66 60 18.164892
215 158 45 21 18.112598
202 25 82 121 18.066980
34 130 77 71 18.057922
47 154 239 151 18.028048
0 93 75 138 17.990620
143 153 136 69 17.964548
91 133 105 97 17.934874
52 87 181 81 17.912172
67 135 43 77 17.910976
188 105 44 55 17.896046
172 94 60 41 17.871035
219 123 57 48 17.828352
117 97 117 85 17.827452
0 153 219 143 17.809444
17 61 134 139 17.750126
67 117 112 67 17.726748
56 126 44 73 17.723614
95 132 101 192 17.696608
187 25 153 135 17.693747
132 126 126 89 17.669373
0 23 108 177 17.649332
61 129 95 52 17.648741
200 75 44 61 17.639366
207 125 126 77 17.637033
0 100 52 42 17.631042
190 116 45 19 17.609497
54 118 69 99 17.588289
0 97 195 90 17.573769
54 100 57 117 17.572042
34 115 35 77 17.562130
47 129 76 70 17.550575
0 4 97 93 17.542736
215 66 92 83 17.505423
192 116 39 43 17.487883
53 85 114 48 17.460598
39 86 143 192 17.452868
207 32 71 168 17.447653
131 52 280 206 17.422024
50 84 151 57 17.374092
0 125 152 73 17.350100
132 84 100 100 17.332758
171 94 90 41 17.308092
115 39 224 219 17.302004
213 75 33 59 17.274176
99 87 233 95 17.208082
188 81 38 55 17.207327
184 155 77 88 17.203318
40 42 129 188 17.195915
204 158 72 53 17.187737
39 129 121 133 17.181181
164 100 35 35 17.176989
41 128 51 84 17.168362
207 123 63 57 17.165800
112 100 145 75 17.164446
163 117 116 64 17.161831
186 90 73 46 17.152021
90 135 93 124 17.150621
187 117 71 176 17.146521
63 135 82 136 17.097984
0 99 128 126 17.064520
62 148 157 74 17.048717
200 66 89 249 17.027456
0 155 286 151 17.013592
132 121 100 49 17.002939
218 56 59 146 16.983742
65 10 179 157 16.948483
0 56 63 139 16.943686
188 90 38 70 16.932383
187 72 75 223 16.925230
256 66 79 88 16.913673
93 133 61 81 16.900877
63 164 117 58 16.876825
120 155 96 146 16.819544
210 75 53 48 16.815136
90 81 136 112 16.793274
114 156 69 102 16.788450
188 90 21 45 16.774206
192 117 66 51 16.740213
165 100 26 36 16.729160
131 68 71 78 16.710302
64 126 38 52 16.698050
161 114 70 97 16.694023
63 164 150 108 16.692396
132 56 111 88 16.689631
72 126 60 75 16.666067
92 147 80 53 16.659319
92 135 81 81 16.618618
165 116 111 51 16.614132
188 112 51 24 16.603024
213 98 67 81 16.599136
204 61 64 55 16.582518
213 18 121 147 16.545139
58 128 28 44 16.523148
185 115 48 53 16.518663
180 154 142 148 16.516703
207 66 57 66 16.516266
179 117 153 67 16.489998
148 100 40 24 16.489950
40 93 111 188 16.484497
137 156 70 117 16.480099
0 99 54 30 16.478449
49 98 79 116 16.411930
0 55 103 139 16.374714
164 75 95 215 16.355558
21 120 63 69 16.354712
209 65 50 114 16.346663
165 158 136 114 16.316053
53 69 149 53 16.314791
0 159 219 152 16.306299
64 149 84 51 16.275267
28 119 83 91 16.274008
0 112 51 76 16.273010
55 129 74 111 16.257286
52 91 93 109 16.255051
114 158 101 114 16.233503
120 147 96 110 16.229618
143 147 73 147 16.208361
19 112 77 67 16.192770
60 164 47 47 16.180994
90 148 64 46 16.179356
0 8 200 310 16.178717
63 6 181 195 16.165129
56 124 31 78 16.144619
0 93 57 54 16.144445
0 93 57 54 16.144445
0 0 103 230 16.140308
45 130 27 49 16.139744
63 135 111 146 16.133774
34 128 51 72 16.133350
255 130 78 71 16.128918
40 130 103 161 16.128387
0 68 153 127 16.127083
200 75 36 73 16.125824
132 111 66 33 16.101517
162 124 45 92 16.076513
25 90 39 99 16.072653
181 93 94 61 16.069471
112 82 97 102 16.030586
215 132 116 49 16.000765
98 154 190 89 15.996371
117 108 160 63 15.983942
179 132 57 27 15.978601
162 116 69 157 15.969896
186 72 51 139 15.951299
204 75 68 57 15.871682
189 235 24 39 15.871093
212 156 44 52 15.863249
212 69 42 52 15.855579
0 52 69 140 15.838486
120 79 112 132 15.837549
63 162 29 51 15.836110
254 132 84 102 15.813111
72 135 42 61 15.813058
143 67 101 110 15.812668
41 124 51 64 15.735044
88 148 169 74 15.734963
0 164 221 117 15.708854
64 16 35 35 15.708683
143 128 90 153 15.696342
200 123 90 55 15.695441
138 148 191 109 15.673755
0 94 64 49 15.668656
172 112 60 24 15.666394
72 125 33 49 15.666114
189 199 97 107 15.662864
62 156 40 55 15.656139
132 72 105 82 15.652705
171 75 63 60 15.645727
63 157 138 100 15.625011
148 100 43 35 15.603051
178 88 55 80 15.580949
187 61 87 55 15.571568
0 0 209 123 15.566086
177 108 102 63 15.558948
151 45 115 227 15.551083
115 55 125 235 15.550105
192 133 64 45 15.524922
228 80 31 35 15.512155
72 124 76 53 15.508320
63 132 49 46 15.506995
251 45 81 108 15.500861
127 147 141 152 15.484140
207 154 70 46 15.437577
164 100 70 35 15.387844
0 128 146 184 15.360037
0 3 97 130 15.359528
177 116 55 44 15.331235
0 86 58 38 15.329601
150 60 123 56 15.317153
187 154 43 141 15.317067
95 145 58 58 15.311484
0 0 117 124 15.303540
130 5 204 159 15.287382
234 60 41 87 15.279597
0 130 154 157 15.277704
216 120 40 55 15.277242
0 128 154 157 15.257735
143 75 93 136 15.248577
156 108 44 26 15.219131
165 120 53 96 15.209002
0 120 51 76 15.197111
52 38 191 85 15.177530
198 66 63 120 15.174752
188 55 74 74 15.167949
0 129 154 173 15.165945
93 160 186 145 15.154629
260 132 72 45 15.134624
130 84 71 99 15.132612
112 136 35 43 15.120928
267 132 66 25 15.120881
212 55 126 182 15.115949
196 155 90 165 15.103065
76 147 81 55 15.038377
21 120 46 94 15.028387
100 162 91 97 15.016933
0 120 103 121 15.006816
256 87 76 67 15.001982
115 112 117 55 14.967633
136 150 190 146 14.959148
225 135 31 31 14.958913
0 84 58 40 14.957788
186 120 73 116 14.943634
143 75 97 215 14.926928
27 111 75 78 14.924382
131 98 102 47 14.923185
206 55 68 71 14.909130
179 116 55 157 14.889800
65 125 53 53 14.888997
185 105 59 30 14.873437
93 129 63 57 14.862452
0 120 154 201 14.859885
0 93 103 164 14.859757
0 93 75 177 14.853151
201 72 53 60 14.841502
102 89 132 81 14.827986
188 32 74 147 14.810393
0 8 146 224 14.802130
213 75 90 161 14.796980
72 128 43 39 14.777482
187 108 45 68 14.768250
128 90 81 81 14.764027
19 128 77 71 14.762021
188 81 29 57 14.758039
215 156 44 30 14.732426
131 78 78 144 14.727147
65 124 45 76 14.709617
57 132 46 46 14.700620
0 109 53 90 14.700375
63 146 111 54 14.695541
165 71 71 140 14.688741
132 21 112 139 14.678880
90 145 135 71 14.678872
176 128 31 86 14.661415
207 124 69 152 14.622864
0 100 51 76 14.619165
162 126 63 57 14.615770
114 146 67 81 14.609891
180 108 64 51 14.609618
172 122 84 57 14.609120
202 67 63 27 14.593720
0 112 63 136 14.592373
132 5 127 162 14.585859
88 148 66 33 14.584629
91 135 41 67 14.576335
55 127 59 121 14.570631
22 93 45 117 14.540603
137 158 149 77 14.522330
162 108 31 28 14.518766
187 56 57 99 14.509813
200 99 80 47 14.502275
41 130 81 140 14.489614
56 98 74 81 14.487343
0 111 152 76 14.465423
189 235 79 82 14.454063
171 108 31 28 14.453925
189 235 33 59 14.441586
0 177 57 24 14.431994
185 85 58 53 14.421403
179 108 153 63 14.406343
264 132 70 32 14.396599
63 153 69 60 14.366214
72 123 57 51 14.364179
175 235 38 58 14.359027
192 124 86 36 14.356980
192 128 43 35 14.335465
201 75 36 49 14.330637
228 60 34 55 14.304733
112 97 90 170 14.297845
213 94 46 38 14.235994
180 116 97 44 14.233516
131 108 102 53 14.227749
199 234 72 61 14.206500
100 148 47 47 14.182576
165 72 71 223 14.177285
181 108 96 46 14.170422
179 120 43 97 14.163852
180 101 97 45 14.159686
192 63 117 81 14.155437
143 127 81 57 14.155223
57 153 57 57 14.147340
192 114 64 85 14.145763
141 100 61 36 14.135949
60 165 49 33 14.133436
117 123 63 60 14.131334
4 127 141 52 14.130396
186 155 152 80 14.122380
207 152 53 76 14.116215
249 66 25 28 14.101799
0 91 103 187 14.101087
215 120 73 105 14.092560
0 78 168 57 14.088980
210 136 58 42 14.088182
102 136 51 72 14.063995
164 75 75 105 14.059934
112 108 88 120 14.059212
0 93 103 188 14.015416
54 108 70 90 14.003937
225 80 64 84 13.997490
216 140 40 24 13.988129
31 130 36 92 13.967562
221 124 55 76 13.966309
137 162 47 96 13.965311
189 204 25 86 13.947433
200 72 37 98 13.924521
212 123 76 45 13.906064
237 66 37 28 13.885884
215 84 73 141 13.837066
221 100 55 64 13.832887
127 84 81 61 13.827279
185 66 90 61 13.817087
97 155 99 146 13.816760
215 120 105 114 13.799590
115 168 39 33 13.780685
114 147 69 147 13.778355
162 132 64 40 13.776961
202 63 72 29 13.776654
228 66 46 49 13.766665
212 160 47 39 13.757763
234 84 42 61 13.741724
192 116 52 48 13.732095
53 120 135 47 13.728499
138 108 69 156 13.714261
235 63 39 27 13.707015
215 125 81 80 13.692900
92 108 62 93 13.686006
99 100 233 103 13.684832
3 4 272 96 13.679006
115 102 87 43 13.658665
128 90 104 73 13.632421
100 153 48 26 13.625905
158 75 78 81 13.622796
215 144 45 19 13.618681
164 117 68 51 13.615476
213 63 105 140 13.599361
215 136 67 42 13.587769
132 126 66 33 13.587467
64 133 93 184 13.567992
192 128 66 37 13.565917
63 156 49 44 13.560024
53 90 149 69 13.559759
156 108 78 27 13.557246
158 70 78 68 13.552605
175 179 103 114 13.548094
132 99 69 75 13.515403
3 78 55 32 13.513829
188 116 52 141 13.485256
186 154 124 69 13.471093
0 177 44 33 13.454864
90 148 82 40 13.453737
207 140 49 36 13.438382
142 147 269 153 13.438062
0 93 49 27 13.429500
266 132 67 84 13.426187
202 13 99 149 13.419401
90 137 134 105 13.391417
214 92 45 88 13.389042
162 155 57 139 13.380625
172 108 20 32 13.380446
91 75 109 128 13.377126
150 44 123 77 13.376143
216 93 60 54 13.374493
172 110 62 31 13.360447
180 128 55 40 13.349310
215 135 44 30 13.347372
28 129 103 192 13.330244
114 147 103 64 13.318874
40 148 114 52 13.313816
195 161 82 41 13.283854
187 132 22 36 13.277379
180 206 105 84 13.268957
59 165 93 49 13.254795
0 176 58 32 13.252818
200 128 36 28 13.242680
171 108 61 46 13.236712
143 147 116 64 13.233645
216 148 40 26 13.208246
51 60 53 141 13.195350
220 136 39 35 13.188781
192 132 34 28 13.187918
57 163 146 72 13.186259
3 4 118 86 13.178718
159 147 57 75 13.178660
0 111 103 67 13.174111
188 80 35 43 13.158773
60 135 68 43 13.158550
96 134 58 114 13.152153
235 60 38 53 13.133058
72 118 59 99 13.121425
63 90 100 110 13.121071
155 116 45 17 13.120981
140 148 32 24 13.110071
0 120 107 172 13.101340
63 174 70 36 13.093413
164 147 71 147 13.091518
0 79 64 45 13.085421
0 93 195 74 13.072795
192 117 129 84 13.068156
187 153 51 111 13.056623
225 124 108 44 13.046946
132 108 68 53 13.011039
152 7 149 139 13.008700
45 146 108 67 12.995291
183 75 51 189 12.994962
207 134 49 34 12.991012
185 95 48 48 12.987143
179 132 156 63 12.968396
214 150 42 82 12.968242
200 113 36 24 12.958163
181 152 65 142 12.949297
54 6 221 115 12.934931
169 115 63 67 12.923206
140 100 94 35 12.910397
63 156 117 79 12.905416
51 165 81 49 12.903438
0 177 44 30 12.902581
172 100 20 36 12.902032
178 116 55 76 12.900557
0 93 49 30 12.898416
188 9 74 126 12.892758
187 235 117 89 12.892144
181 79 45 132 12.891891
72 128 34 74 12.881417
172 101 60 43 12.870716
0 115 53 38 12.865067
99 0 144 177 12.860270
0 177 74 33 12.859533
183 93 60 66 12.858641
196 153 60 45 12.836143
189 199 129 121 12.831279
175 108 67 31 12.829350
0 177 63 42 12.819633
161 108 72 67 12.815146
150 40 123 51 12.812749
207 158 70 94 12.804838
99 155 120 93 12.780875
91 136 81 156 12.774408
198 101 135 77 12.774002
117 132 61 44 12.753192
180 104 78 31 12.747597
273 80 61 74 12.745042
216 143 40 28 12.724558
184 132 43 39 12.713642
63 156 47 68 12.713334
12 90 83 99 12.710709
0 126 109 145 12.709230
180 235 48 58 12.700424
215 155 58 58 12.693176
185 155 41 117 12.691598
199 228 88 79 12.691291
72 112 51 84 12.689727
112 132 42 52 12.685369
225 125 53 53 12.681285
192 128 40 28 12.672665
138 120 73 107 12.671750
115 91 146 72 12.668276
151 45 93 179 12.665357
216 72 43 43 12.658575
81 133 64 103 12.646583
0 177 74 31 12.641979
164 107 57 150 12.637986
130 157 53 117 12.632412
138 147 34 37 12.631069
0 177 81 46 12.630655
53 65 43 122 12.622099
61 148 101 83 12.577325
202 28 57 99 12.567646
0 101 64 47 12.561382
150 18 112 118 12.552095
114 99 89 67 12.550087
162 126 94 67 12.548763
196 146 75 127 12.525312
188 150 38 70 12.504710
204 157 54 25 12.500644
114 164 55 46 12.495469
56 164 90 36 12.488902
216 136 58 29 12.488886
187 75 39 97 12.486673
213 55 75 67 12.481572
45 66 73 123 12.477236
150 70 52 68 12.460349
251 13 85 140 12.443227
162 126 40 52 12.438557
39 163 153 156 12.398819
56 133 75 166 12.396450
57 172 55 38 12.391759
0 55 209 71 12.391520
34 127 75 161 12.381262
195 52 67 95 12.375883
0 114 55 40 12.375541
52 72 36 67 12.362126
186 240 28 31 12.360664
149 23 125 71 12.359167
40 108 45 84 12.340709
71 31 190 112 12.338630
143 146 74 68 12.336185
165 148 61 111 12.320697
152 41 92 51 12.300626
205 155 53 38 12.271026
218 129 44 43 12.253415
52 92 35 31 12.252075
53 32 81 181 12.248837
91 148 135 53 12.238360
39 130 34 92 12.232719
182 235 128 69 12.230759
201 21 121 133 12.230016
220 99 68 47 12.201705
228 76 43 35 12.200185
117 150 28 31 12.193422
97 169 121 137 12.187101
219 57 54 57 12.186272
81 105 64 103 12.184735
164 126 32 58 12.179595
196 198 94 64 12.171480
213 55 45 92 12.170833
202 65 43 96 12.164325
185 15 74 149 12.156294
0 90 67 84 12.137017
100 144 47 39 12.134861
112 135 35 67 12.134074
200 61 99 55 12.129807
182 108 44 61 12.110809
215 150 48 53 12.108380
0 177 81 52 12.105824
252 210 36 24 12.099352
72 131 59 117 12.097670
52 92 35 43 12.089668
100 164 117 58 12.088662
63 156 73 44 12.050874
237 60 53 88 12.049928
0 166 45 21 12.045532
215 143 60 21 12.044282
0 69 69 117 12.041388
227 125 54 23 12.039116
216 108 64 38 12.033632
188 88 74 35 12.033100
215 9 71 157 12.031621
65 98 81 81 12.027143
43 153 126 57 12.019331
150 8 124 114 12.018014
172 120 37 97 11.995918
125 108 74 149 11.986134
0 141 57 48 11.984872
184 150 93 53 11.974848
114 168 31 34 11.971094
219 123 58 98 11.952861
192 85 41 97 11.943784
116 136 47 39 11.942922
164 148 35 31 11.937385
195 222 72 63 11.935147
179 126 23 57 11.910958
63 165 68 64 11.907370
0 142 72 47 11.893496
192 76 33 78 11.893402
0 176 45 21 11.885925
137 164 74 141 11.883089
213 33 55 99 11.876322
44 135 76 43 11.865867
98 134 77 114 11.863967
237 75 28 37 11.862475
190 117 44 33 11.861160
188 75 21 45 11.860611
0 112 54 30 11.859315
187 152 31 66 11.856395
0 36 109 145 11.844867
200 84 80 57 11.842139
67 63 101 114 11.840491
146 102 54 30 11.832456
212 28 53 88 11.827707
90 126 40 67 11.811724
0 115 53 58 11.792213
225 125 33 44 11.785151
235 68 24 48 11.784216
186 91 23 57 11.782360
112 148 35 31 11.781971
212 158 76 57 11.772644
0 114 54 57 11.772501
0 114 54 57 11.772501
33 128 51 96 11.753769
188 158 111 57 11.749484
120 150 34 31 11.743028
63 147 73 104 11.714326
180 199 161 101 11.709785
50 54 83 132 11.708629
79 134 69 129 11.698293
226 21 71 126 11.694640
245 222 40 15 11.690423
188 152 37 98 11.680259
115 178 97 128 11.669990
172 117 60 26 11.663272
130 105 49 33 11.663098
123 162 73 103 11.660130
63 178 70 40 11.657193
88 93 104 200 11.655333
100 147 49 30 11.652084
105 158 40 19 11.640991
207 74 29 57 11.634155
23 130 86 187 11.631145
92 148 39 47 11.629465
215 148 45 17 11.625780
165 124 53 68 11.612209
35 179 67 37 11.610608
0 8 147 292 11.609507
108 152 40 24 11.599866
201 66 109 57 11.585601
63 0 213 121 11.579473
57 159 66 60 11.563786
186 66 145 69 11.549037
166 146 152 85 11.542923
185 130 41 112 11.540236
231 70 30 44 11.532132
163 81 59 141 11.518248
201 150 57 54 11.514947
57 172 22 40 11.513261
187 205 25 66 11.494742
52 12 99 149 11.491127
132 112 47 72 11.461375
63 162 118 105 11.454347
200 228 90 61 11.448237
79 148 53 68 11.440099
215 94 71 180 11.436621
213 44 47 72 11.435637
186 41 87 81 11.433757
268 104 64 49 11.427729
237 76 47 72 11.423507
147 33 97 102 11.422964
186 69 63 60 11.415145
138 129 34 55 11.414345
234 84 28 31 11.412570
216 124 43 39 11.411821
216 94 52 40 11.404213
185 125 48 53 11.402251
175 116 51 141 11.402155
195 152 63 27 11.393303
69 189 37 25 11.390535
185 111 97 35 11.379720
138 147 120 45 11.371799
76 23 142 177 11.369278
55 175 146 112 11.360826
119 168 35 58 11.356253
213 72 33 90 11.356069
150 0 124 94 11.351478
180 33 79 102 11.351004
117 83 84 69 11.349293
120 148 52 34 11.345381
21 119 51 129 11.342545
63 133 61 149 11.328838
33 90 61 99 11.327094
58 172 51 27 11.320949
206 72 38 58 11.297904
17 71 49 120 11.297894
150 61 123 35 11.297313
71 69 190 69 11.291232
0 17 121 107 11.290313
90 135 54 33 11.289901
192 132 66 63 11.287403
124 57 78 33 11.286389
249 66 34 28 11.282648
183 235 33 59 11.280559
90 147 42 61 11.269719
208 156 66 33 11.264764
215 60 48 53 11.255962
26 90 87 99 11.254080
43 126 80 55 11.230497
0 111 54 33 11.225057
215 75 49 36 11.220103
180 117 98 33 11.218520
175 125 87 41 11.216799
189 226 111 72 11.215915
63 155 116 152 11.212687
160 132 97 42 11.204865
138 148 64 34 11.202403
192 115 33 54 11.198866
218 116 67 135 11.192082
180 195 177 132 11.189120
207 154 105 81 11.188459
0 70 58 72 11.168435
245 216 40 19 11.162697
0 176 107 39 11.159757
2 177 40 55 11.140215
200 116 45 19 11.139264
192 132 43 39 11.133855
243 54 31 31 11.131454
130 111 49 30 11.128890
205 125 53 43 11.124448
209 134 96 45 11.116500
178 126 48 49 11.104131
188 161 70 35 11.103745
78 21 148 139 11.102816
145 100 43 43 11.089073
175 205 37 92 11.088677
178 128 54 29 11.070396
162 126 50 73 11.068184
211 94 51 27 11.067761
87 136 41 60 11.023973
40 66 55 123 11.006647
113 146 91 81 11.006041
174 155 42 117 10.996623
88 148 86 29 10.980236
0 111 103 61 10.962806
136 148 90 35 10.945348
200 55 44 92 10.936596
250 44 24 44 10.926650
120 168 34 28 10.924182
187 152 47 72 10.922235
250 60 24 40 10.918586
